Avg_MHz	Busy%	PkgTmp	PkgWatt
1021	42.55	49	11.56
663	27.62	50	11.06
671	27.96	51	10.99
630	26.26	50	10.63
658	27.40	51	10.88
578	24.08	50	9.98
434	18.11	50	8.32
511	21.27	50	9.25
651	27.12	50	10.89
631	26.29	50	10.28
651	27.13	50	10.26
569	23.71	51	9.85
663	27.60	51	10.99
650	27.07	51	10.80
659	27.46	51	10.98
638	26.60	51	10.49
653	27.20	52	10.85
652	27.18	51	10.86
677	28.22	52	11.15
620	25.85	52	10.45
621	25.87	51	10.37
618	25.80	51	10.47
678	28.22	51	11.15
649	27.07	51	10.81
665	27.69	52	11.03
642	26.76	51	10.81
638	26.63	52	10.60
645	26.80	52	10.77
658	27.40	51	10.87
646	26.93	51	10.78
649	27.14	52	10.76
613	25.45	51	10.39
628	26.17	51	10.46
588	24.54	52	10.04
425	17.71	50	8.29
327	13.71	49	7.12
443	18.35	50	8.53
534	22.25	50	9.51
648	26.98	51	10.78
634	26.40	52	10.48
617	25.72	52	10.34
609	25.41	51	10.25
581	24.17	51	10.06
547	22.79	50	9.65
386	16.07	50	7.87
470	19.64	50	8.57
556	23.17	50	9.74
636	26.46	52	10.65
585	24.36	50	10.05
653	27.22	51	10.81
678	28.23	52	11.12
594	24.74	51	10.07
583	24.30	54	10.04
662	27.56	54	10.84
638	26.62	55	10.70
618	25.77	54	10.38
616	25.60	54	10.52
636	26.52	54	10.61
631	26.32	55	10.59
817	33.97	54	12.80
967	40.28	56	14.69
647	26.97	55	10.85
502	20.94	51	9.19
448	18.66	50	8.47
470	19.56	52	8.72
422	17.60	52	8.16
554	23.02	53	9.75
566	23.60	51	9.86
618	25.76	51	10.40
658	27.40	52	10.91
652	27.32	52	10.85
656	27.19	52	11.04
660	27.49	52	11.03
671	27.95	52	11.06
751	31.31	52	11.45
652	27.14	52	10.85
648	26.98	52	10.75
642	26.74	52	10.70
647	26.97	52	10.84
616	25.63	52	10.35
614	25.57	52	10.32
650	27.09	52	10.83
649	27.06	52	10.87
682	28.43	52	11.06
644	26.85	52	10.70
617	25.69	52	10.34
625	26.05	52	10.48
615	25.64	52	10.30
653	27.24	52	10.89
669	27.86	52	11.00
618	25.77	52	10.37
612	25.60	51	10.24
605	25.11	52	10.27
627	26.12	52	10.58
736	30.67	53	11.84
1128	46.96	52	14.58
1071	44.66	50	14.14
631	26.26	49	10.16
621	25.89	49	10.03
653	27.21	48	10.09
630	26.26	48	10.02
649	27.04	48	10.05
671	27.98	48	10.32
491	20.45	46	8.79
394	16.43	46	7.88
398	16.59	46	7.85
496	20.67	48	8.95
622	25.91	49	10.47
631	26.31	50	10.43
644	26.82	50	10.69
625	26.02	49	10.41
579	24.13	49	9.87
483	20.14	46	8.81
583	24.27	48	10.04
632	26.35	47	10.51
595	24.79	49	10.14
653	27.22	50	10.82
683	28.62	51	11.03
662	27.45	50	10.93
635	26.46	50	10.57
690	28.77	51	11.06
647	27.06	50	10.71
650	26.96	50	10.73
658	27.41	50	10.90
681	28.38	50	11.17
658	27.44	50	10.83
626	26.06	47	10.43
565	23.56	47	9.79
556	23.15	47	9.67
437	18.22	46	8.36
518	21.57	46	9.25
619	25.84	50	10.44
676	28.26	50	10.94
657	27.23	50	10.96
645	26.89	50	10.71
631	26.29	51	10.46
649	27.03	50	10.73
650	27.10	50	10.85
666	27.75	50	10.98
651	27.14	52	10.91
674	28.09	50	11.01
644	26.86	51	10.72
663	27.58	50	10.77
646	26.90	50	10.73
529	22.03	47	9.33
608	25.35	49	10.30
577	24.03	47	9.89
347	14.46	46	7.34
434	18.10	46	8.20
424	17.66	46	8.09
739	30.79	47	11.23
332	13.83	46	7.08
326	13.60	46	6.99
330	13.73	46	7.03
345	14.37	46	7.23
428	17.83	46	8.24
563	23.57	48	9.69
653	27.19	50	10.86
593	24.63	47	10.11
595	24.78	49	10.18
588	24.49	49	10.00
523	21.77	47	9.26
517	21.57	47	9.14
631	26.27	47	10.38
461	19.22	48	8.37
643	26.78	51	10.61
629	26.22	52	10.46
634	26.43	52	10.57
652	27.15	52	10.73
638	26.71	52	10.63
663	27.49	52	10.92
639	26.65	52	10.64
653	27.18	51	10.79
635	26.45	52	10.64
602	25.10	52	10.20
630	26.26	52	10.57
599	24.96	52	10.20
609	25.38	52	10.26
559	23.30	51	9.72
846	35.39	54	12.94
863	35.77	55	13.32
627	26.14	52	10.59
657	27.35	52	10.76
605	25.22	52	9.75
536	22.32	53	9.31
592	24.68	52	10.04
482	20.09	50	8.96
407	16.94	50	8.01
494	20.59	51	8.76
505	21.06	52	9.20
494	20.59	52	9.03
649	27.05	54	10.52
494	20.57	52	9.00
645	26.88	54	10.29
469	19.56	53	8.75
457	19.05	52	8.61
467	19.49	52	8.77
508	21.15	53	9.22
621	25.87	54	10.48
621	25.88	54	10.48
638	26.68	54	10.66
615	25.50	54	10.42
483	20.17	53	8.85
490	26.40	48	8.03
661	27.54	50	10.87
636	26.48	50	10.62
628	26.17	50	10.39
630	26.27	50	10.45
566	23.57	47	9.77
432	18.01	47	8.31
594	24.76	46	10.11
409	17.03	47	8.00
604	25.18	47	10.21
594	24.77	47	10.10
579	24.14	48	9.92
608	25.42	46	9.98
610	25.35	46	10.20
499	20.80	46	9.06
572	23.86	49	9.84
642	26.73	50	10.79
643	26.77	50	10.68
621	25.89	49	10.34
656	27.32	50	10.75
688	28.66	50	11.04
630	26.24	50	10.54
637	26.54	49	10.64
627	26.13	49	10.45
624	26.02	50	10.43
583	24.31	47	9.94
671	27.94	49	11.09
639	26.64	50	10.58
636	26.48	49	10.60
660	27.51	49	10.73
639	26.64	50	10.67
627	26.14	50	10.50
614	25.58	49	10.28
634	26.41	50	10.52
652	27.15	50	10.81
626	26.10	50	10.49
