Avg_MHz	Busy%	PkgTmp	PkgWatt
722	25.89	40	26.22
751	26.86	41	26.88
713	25.80	38	26.08
747	26.77	38	25.77
737	26.39	37	25.66
734	26.27	38	25.67
741	26.53	38	25.73
759	27.16	39	25.97
742	26.56	39	25.85
66	3.42	36	10.40
15	1.20	37	8.58
13	1.07	37	8.61
16	1.24	37	9.95
20	1.65	36	10.75
14	1.21	37	10.17
13	1.09	37	8.43
10	0.78	38	8.11
23	1.94	36	10.03
16	1.32	37	8.92
25	2.07	37	9.67
19	1.58	37	8.98
21	1.71	37	9.83
18	1.47	36	9.75
27	2.23	36	10.78
158	7.00	38	11.73
438	17.97	39	18.27
23	1.82	37	10.01
16	1.30	37	8.83
32	2.43	37	9.91
19	1.60	37	9.02
22	1.84	37	10.22
25	2.11	36	9.64
22	1.86	36	10.36
25	2.11	37	8.98
19	1.60	37	9.04
21	1.79	37	9.23
17	1.37	37	8.63
23	1.89	38	9.74
21	1.73	37	9.35
54	4.00	37	9.86
338	13.75	37	13.88
28	2.21	37	9.20
20	1.66	38	8.74
36	2.58	37	9.73
50	4.18	38	9.94
28	2.35	37	9.62
16	1.38	36	9.11
22	1.86	37	9.83
49	3.91	37	9.41
37	3.07	36	9.92
47	3.37	37	9.93
57	4.74	37	9.73
241	17.45	38	13.65
696	33.85	39	20.50
460	28.33	37	17.06
132	10.92	37	11.43
182	13.81	37	12.74
161	13.21	36	11.51
94	7.77	37	10.79
85	6.90	38	10.35
272	15.71	38	13.65
532	31.40	38	17.91
476	30.62	38	17.04
587	32.52	38	18.98
250	16.79	37	13.07
177	12.82	37	12.03
209	12.68	37	12.78
107	8.69	37	10.62
260	15.07	36	13.61
247	17.94	36	13.33
81	6.46	37	10.36
125	9.99	37	10.71
132	10.74	36	11.04
123	9.86	37	10.46
818	32.12	39	21.45
330	16.69	38	14.62
265	18.07	37	13.68
147	12.25	36	10.88
175	13.99	37	11.44
112	8.93	37	10.99
251	14.67	38	13.39
48	3.88	37	8.88
254	12.10	38	13.37
166	9.77	37	10.89
50	3.82	37	9.15
101	6.71	37	11.22
37	3.09	36	8.59
44	3.71	37	8.89
106	7.11	37	9.94
35	2.94	37	8.66
39	3.15	37	9.01
56	4.59	37	9.36
61	4.80	37	9.63
62	5.11	38	9.96
65	5.46	38	9.03
44	3.65	37	9.99
38	3.14	37	9.08
48	3.96	37	9.56
248	11.72	37	13.77
39	3.14	37	8.53
65	5.03	37	9.55
202	11.32	36	12.22
75	6.29	36	9.76
143	11.92	36	11.45
152	12.12	37	11.50
253	18.59	38	13.91
277	21.36	37	14.11
199	16.30	37	12.90
100	7.79	37	11.05
133	11.01	37	11.92
152	9.51	37	10.81
166	11.62	36	11.50
106	8.27	36	10.16
164	13.62	37	11.35
104	8.55	37	10.02
57	4.77	37	8.54
44	3.64	37	9.02
67	5.56	37	8.56
144	11.92	37	10.50
303	23.86	37	14.01
211	16.89	37	12.44
164	11.67	37	11.72
59	4.64	37	9.62
36	2.97	36	8.78
53	4.37	37	9.18
60	4.99	37	9.19
56	4.59	37	9.76
33	2.73	36	8.54
21	1.71	36	8.35
18	1.53	37	7.88
29	2.44	37	8.44
22	1.83	37	7.00
17	1.45	37	6.87
15	1.21	37	7.72
15	1.28	37	6.55
23	1.95	36	7.58
25	2.06	36	7.76
35	2.95	36	8.21
55	4.62	36	8.95
417	22.29	37	15.54
241	16.03	36	12.67
167	13.72	36	11.28
121	9.47	37	10.48
560	27.29	37	16.61
166	11.64	36	11.59
65	5.41	36	9.27
104	8.45	36	10.01
137	11.41	37	10.85
94	7.73	36	10.16
40	3.28	38	8.64
293	18.18	38	13.19
442	23.99	37	16.62
135	11.22	37	11.50
28	2.33	37	9.19
35	2.94	37	8.61
29	2.44	37	8.92
35	2.90	37	8.86
41	3.42	36	8.98
38	3.20	37	8.96
82	5.68	37	10.06
26	2.20	36	9.50
29	2.42	37	9.41
43	3.61	37	9.02
37	3.07	37	9.59
24	2.02	37	8.88
35	2.90	37	9.28
36	3.03	36	9.37
49	4.10	36	9.19
19	1.61	37	8.98
35	2.91	37	9.19
18	1.47	37	9.58
42	3.48	37	9.97
19	1.62	37	9.08
29	2.43	37	9.64
17	1.38	37	9.60
33	2.74	37	10.82
20	1.65	36	10.10
19	1.61	36	10.02
20	1.67	37	10.56
19	1.55	37	9.91
16	1.30	36	10.23
31	2.61	37	9.84
13	1.11	37	9.32
19	1.60	36	10.28
15	1.24	36	9.92
18	1.48	37	9.94
43	2.83	37	10.11
17	1.40	37	9.64
14	1.15	37	9.74
21	1.77	36	9.74
14	1.17	37	9.65
15	1.27	37	9.73
18	1.51	36	8.90
14	1.17	37	9.69
20	1.68	37	9.99
20	1.67	37	9.38
15	1.25	37	9.01
24	1.96	37	8.66
28	2.33	37	10.24
33	2.73	36	10.61
14	1.20	37	7.55
21	1.78	38	9.94
16	1.33	37	9.42
23	1.90	37	9.55
13	1.08	36	9.80
28	2.29	36	10.54
19	1.60	37	10.12
21	1.79	36	9.94
18	1.53	36	9.99
19	1.59	38	9.92
20	1.63	37	10.55
27	2.26	36	10.13
14	1.20	37	10.03
23	1.90	37	10.42
18	1.48	37	10.61
25	2.08	37	10.89
15	1.28	36	10.03
22	1.86	36	10.15
19	1.60	37	10.73
29	2.16	37	10.67
16	1.37	37	10.05
18	1.49	36	9.13
22	1.85	36	9.50
15	1.28	36	9.40
20	1.64	37	9.64
18	1.48	36	9.52
16	1.35	36	8.93
24	2.00	36	9.05
23	1.95	36	9.76
59	4.26	37	9.60
23	1.86	37	8.77
20	1.69	36	8.41
18	1.50	37	7.75
31	2.60	36	8.84
14	1.13	36	8.62
33	2.70	36	9.27
20	1.64	37	8.74
21	1.77	36	8.89
19	1.57	37	9.05
